-1.63386,6.21572,2.17632
-1.63386,6.21572,2.30989
-1.63386,6.21572,2.3366
-1.59827,5.2958,2.17632
-1.59827,5.2958,2.25646
-1.59827,5.2958,2.34551
-1.36736,5.43662,1.90027
-1.36736,5.43662,2.03384
-1.36736,5.43662,2.06056
-1.41729,6.3478,1.90027
-1.41729,6.3478,2.03384
-1.41729,6.3478,2.06946
-1.36674,6.43582,2.03384
-1.36674,6.43582,2.08727
-1.29043,5.42299,2.17632
-1.29043,5.42299,2.25646
-1.23107,5.45532,2.05165
-1.23107,5.45532,2.22084
-1.33569,6.44947,1.89137
-1.33569,6.44947,2.03384
-1.33569,6.44947,2.05165
-1.09202,5.44058,2.17632
-1.09202,5.44058,2.23865
-1.20211,5.47298,2.03384
-1.20211,5.47298,2.17632
-1.20211,5.47298,2.18522
-1.1226,6.35724,2.17632
-1.1226,6.35724,2.26537
-1.09073,6.51534,1.62422
-1.09073,6.51534,1.7667
-1.09073,6.51534,1.90027
-1.09073,6.51534,2.03384
-1.09073,6.51534,2.05165
-0.99196,4.56135,2.03384
-0.99196,4.56135,2.17632
-0.968098,5.57089,1.7667
-0.968098,5.57089,1.90027
-0.968098,5.57089,1.91808
-1.03411,5.4759,2.16741
-1.00623,6.4268,2.03384
-1.00623,6.4268,2.12289
-1.01907,6.41456,2.19413
-0.937822,6.51174,1.62422
-0.937822,6.51174,1.7667
-0.937822,6.51174,1.80232
-0.845763,6.58121,1.62422
-0.845763,6.58121,1.7667
-0.845763,6.58121,1.78451
-0.841223,6.55833,2.03384
-0.939544,7.33906,2.17632
-0.939544,7.33906,2.23865
-0.881633,7.37438,2.03384
-0.881633,7.37438,2.16741
-0.720784,4.65118,1.90027
-0.720784,4.65118,2.03384
-0.720784,4.65118,2.05165
-0.798393,5.56963,1.7667
-0.798393,5.56963,1.90027
-0.723134,5.63676,1.7667
-0.723134,5.63676,1.90027
-0.723134,5.63676,1.90918
-0.785945,6.51455,1.7667
-0.785945,6.51455,1.90027
-0.785945,6.51455,1.92699
-0.698914,7.33131,2.03384
-0.698914,7.33131,2.15851
-0.771294,7.28717,2.24756
-0.688131,7.52227,1.90027
-0.688131,7.52227,1.9537
-0.567497,4.64566,1.90027
-0.567497,4.64566,2.03384
-0.567497,4.64566,2.06946
-0.57703,5.57661,2.02494
-0.57703,5.57661,2.09618
-0.619613,5.63581,1.89137
-0.619613,5.63581,2.00713
-0.57725,6.61365,1.62422
-0.556703,6.57354,1.7667
-0.556703,6.57354,1.90027
-0.556703,6.57354,1.9448
-0.645917,7.4681,1.7667
-0.645917,7.4681,1.90027
-0.636336,7.35491,2.03384
-0.636336,7.35491,2.15851
-0.556469,7.57363,1.7667
-0.556469,7.57363,1.90027
-0.556469,7.57363,1.91808
-0.517975,3.7353,1.90027
-0.517975,3.7353,2.00713
-0.475821,4.71705,1.62422
-0.475821,4.71705,1.7667
-0.475821,4.71705,1.78451
-0.454621,5.6692,1.49065
-0.454621,5.6692,1.62422
-0.454621,5.6692,1.63313
-0.489335,5.67335,1.86465
-0.530452,5.59708,2.03384
-0.530452,5.59708,2.04275
-0.408222,6.61195,1.62422
-0.408222,6.61195,1.7667
-0.408222,6.61195,1.78451
-0.415022,6.54414,2.03384
-0.415022,6.54414,2.06946
-0.462373,7.42293,1.7667
-0.462373,7.42293,1.89137
-0.481261,7.42307,1.98041
-0.494745,7.41314,2.08727
-0.420003,7.5539,1.7667
-0.420003,7.5539,1.81122
-0.467346,7.51955,1.97151
-0.353192,3.7726,1.7667
-0.353192,3.7726,1.90027
-0.353192,3.7726,1.91808
-0.323746,4.71588,1.62422
-0.29149,4.74174,1.7667
-0.29149,4.74174,1.83794
-0.285593,5.6675,1.49065
-0.285593,5.6675,1.61532
-0.284912,5.66077,1.7667
-0.284912,5.66077,1.77561
-0.323587,6.61252,1.35708
-0.272191,6.61306,1.49065
-0.272191,6.61306,1.62422
-0.272191,6.61306,1.64203
-0.393128,6.64226,1.83794
-0.321876,7.60622,1.49065
-0.321876,7.60622,1.62422
-0.321876,7.60622,1.66875
-0.364159,7.52161,1.90027
-0.364159,7.52161,2.02494
-0.189852,2.84122,1.7667
-0.189852,2.84122,1.83794
-0.184317,3.77376,1.7667
-0.184317,3.77376,1.90027
-0.207517,4.75341,1.62422
-0.170698,4.71526,1.7667
-0.170698,4.71526,1.90027
-0.170698,4.71526,1.92699
-0.220238,5.7057,1.49065
-0.220238,5.7057,1.62422
-0.220238,5.7057,1.66875
-0.177136,6.52055,1.90027
-0.177136,6.52055,1.98932
-0.239714,6.49694,2.07837
-0.171379,6.61301,1.35708
-0.171379,6.61301,1.49065
-0.17127,6.61436,1.62422
-0.17127,6.61436,1.7667
-0.17127,6.61436,1.80232
-0.227818,7.4597,1.90027
-0.227818,7.4597,2.03384
-0.227818,7.4597,2.06056
-0.201389,7.5685,1.7667
-0.201389,7.5685,1.84684
-0.234791,7.48678,1.9448
-0.00424034,0.952372,1.5797
-0.0296777,0.951918,1.63313
-0.016961,1.90467,1.49065
-0.016961,1.90467,1.62422
-0.016961,1.90467,1.66875
-0.105879,2.85289,1.62422
-0.105879,2.85289,1.74889
-0.118599,3.80518,1.49065
-0.118599,3.80518,1.62422
-0.118599,3.80518,1.66875
-0.0318416,5.67224,1.7667
-0.0318416,5.67224,1.90027
-0.0556939,6.64376,1.35708
-0.0556939,6.64376,1.48175
-0.0201655,6.63352,1.7667
-0.0201655,6.63352,1.85575
-0.0960987,6.5482,1.91808
-0.0517954,7.5253,1.22351
-0.0517954,7.5253,1.35708
-0.0514535,7.59613,1.49065
-0.0514535,7.59613,1.62422
-0.0514535,7.59613,1.65094
-0.133536,7.57381,1.90027
-0.0421793,8.15836,2.17632
-0.0421793,8.15836,2.22084
-0.013219,8.17603,2.03384
-0.013219,8.17603,2.17632
-0.013219,8.17603,2.18522
0,0,1.5708
0.0889177,0.948221,1.3838
0.0296777,0.951918,1.50846
0.118595,1.90014,1.49065
0.118595,1.90014,1.56189
0.0465782,2.84979,1.62422
0.0465782,2.84979,1.73108
0.0847957,3.79779,1.60642
0.0847957,3.79779,1.7578
0.0459445,4.74324,1.35708
0.114473,4.74971,1.46394
0.114473,4.74971,1.60642
0.0171156,5.6971,1.62422
0.135013,5.62077,1.74889
0.135013,5.62077,1.87356
0.135013,5.62077,1.91808
0.0128752,6.64947,1.49065
0.0973591,6.64985,1.62422
0.0973591,6.64985,1.73108
0.0370007,6.574,1.77561
0.116625,7.5208,1.22351
0.116625,7.5208,1.34818
0.0676814,7.60176,1.62422
0.0676814,7.60176,1.68656
0.016549,7.52775,1.79341
0.123611,8.38513,1.90027
0.132028,8.34271,2.03384
0.132028,8.34271,2.09618
0.0459123,8.48555,1.7667
0.0459123,8.48555,1.90027
0.0459123,8.48555,1.90918
0.147583,2.84273,1.35708
0.182153,2.8504,1.49065
0.182153,2.8504,1.58861
0.271071,3.79862,1.49065
0.271071,3.79862,1.56189
0.199054,4.74827,1.62422
0.199054,4.74827,1.73108
0.169376,5.70019,1.62422
0.169376,5.70019,1.68656
0.151215,5.6285,1.82903
0.151215,5.6285,1.90918
0.147583,6.58443,1.7667
0.147583,6.58443,1.90027
0.147583,6.58443,1.90918
0.224352,7.42445,1.90027
0.224352,7.42445,2.03384
0.224352,7.42445,2.05165
0.18342,7.56564,1.22351
0.18342,7.56564,1.35708
0.18342,7.56564,1.40161
0.270864,7.51049,1.7667
0.270864,7.51049,1.90027
0.270864,7.51049,1.9448
0.22079,8.27393,1.7667
0.22079,8.27393,1.90027
0.22079,8.27393,1.91808
0.178606,8.36318,1.90027
0.178606,8.36318,2.03384
0.178606,8.36318,2.04275
0.263826,8.51582,1.62422
0.263826,8.51582,1.67765
0.352571,1.86338,1.22351
0.352571,1.86338,1.35708
0.352571,1.86338,1.37489
0.386697,3.7646,1.22351
0.386697,3.7646,1.35708
0.386697,3.7646,1.40161
0.334629,4.74888,1.49065
0.390329,4.70662,1.62422
0.390329,4.70662,1.73999
0.390506,4.7033,1.77561
0.285058,5.66512,1.22351
0.287364,5.68626,1.35708
0.287364,5.68626,1.47284
0.386697,5.66255,1.62422
0.386697,5.66255,1.73999
0.300085,6.63856,1.49065
0.365497,6.6147,1.62422
0.365497,6.6147,1.67765
0.285026,7.56367,1.62422
0.285026,7.56367,1.73999
0.286398,7.51904,1.89137
0.287162,7.51519,1.92699
0.375779,8.27249,2.03384
0.375779,8.27249,2.09618
0.383435,8.32032,1.90027
0.383435,8.32032,1.97151
0.407564,8.49086,1.7578
0.407564,8.49086,1.81122
0.300071,8.48306,1.90918
0.491999,2.8055,1.35708
0.491999,2.8055,1.49065
0.491999,2.8055,1.50846
0.50472,3.7578,1.49065
0.50472,3.7578,1.62422
0.50472,3.7578,1.64203
0.467168,4.71358,1.49065
0.467168,4.71358,1.5708
0.539185,5.66323,1.49065
0.539185,5.66323,1.5797
0.518259,6.61023,1.35708
0.518259,6.61023,1.41051
0.542655,6.59772,1.62422
0.542655,6.59772,1.7667
0.542655,6.59772,1.77561
0.53836,7.48136,1.7667
0.53836,7.48136,1.90027
0.53836,7.48136,1.92699
0.468103,7.35422,2.05165
0.439513,7.58068,1.35708
0.439513,7.58068,1.49065
0.539185,7.56118,1.62422
0.539185,7.56118,1.73999
0.43576,7.48535,1.82013
0.422357,8.29296,1.90027
0.422357,8.29296,2.03384
0.422357,8.29296,2.04275
0.424704,8.42406,1.62422
0.531699,8.35597,1.7667
0.531699,8.35597,1.81122
0.452234,8.53298,1.49065
0.517985,8.51333,1.62422
0.517985,8.51333,1.67765
0.441162,8.49552,1.77561
0.644149,4.69992,1.35708
0.644149,4.69992,1.49065
0.644149,4.69992,1.50846
0.656869,5.65221,1.49065
0.656869,5.65221,1.62422
0.656869,5.65221,1.64203
0.619655,6.61221,1.49065
0.619655,6.61221,1.5708
0.591944,6.54587,1.7667
0.591944,6.54587,1.88246
0.679511,7.41513,1.73108
0.679511,7.41513,1.81122
0.590277,7.55989,1.49065
0.590277,7.55989,1.5797
0.555376,7.55001,1.64203
0.667898,8.35665,1.62422
0.667898,8.35665,1.7667
0.667898,8.35665,1.77561
0.670747,8.50886,1.49065
0.670747,8.50886,1.5708
0.661206,8.48747,1.7667
0.661206,8.48747,1.81122
0.735751,2.73528,1.08104
0.735751,2.73528,1.22351
0.735751,2.73528,1.24132
0.755652,3.72066,1.22351
0.755652,3.72066,1.35708
0.755652,3.72066,1.37489
0.79303,4.62595,1.08104
0.79303,4.62595,1.21461
0.806348,5.61793,1.62422
0.806348,5.61793,1.71327
0.691391,6.52647,1.08104
0.691391,6.52647,1.21461
0.796298,6.59433,1.35708
0.796298,6.59433,1.49065
0.796298,6.59433,1.50846
0.793853,6.56389,1.7667
0.793853,6.56389,1.77561
0.782112,7.41114,1.7667
0.782112,7.41114,1.90027
0.782112,7.41114,1.92699
0.69115,7.54679,1.35708
0.809019,7.54663,1.49065
0.809019,7.54663,1.62422
0.809019,7.54663,1.64203
0.703166,8.49584,1.22351
0.703166,8.49584,1.35708
0.703166,8.49584,1.37489
0.694805,8.49213,1.62422
0.694805,8.49213,1.7667
0.694805,8.49213,1.77561
0.895081,4.66278,1.35708
0.895081,4.66278,1.49065
0.895081,4.66278,1.50846
0.907802,5.61507,1.22351
0.907802,5.61507,1.35708
0.908067,5.61839,1.49065
0.908067,5.61839,1.60642
0.907802,5.61507,1.64203
0.835695,6.47564,1.7667
0.835695,6.47564,1.88246
0.946884,7.44394,1.22351
0.946884,7.44394,1.35708
0.946884,7.44394,1.3838
0.936112,8.39147,1.62422
0.936112,8.39147,1.7667
0.936112,8.39147,1.77561
0.948447,8.48875,1.35708
0.948447,8.48875,1.49065
0.948447,8.48875,1.49956
0.946269,8.46162,1.7667
0.946269,8.46162,1.77561
0.950619,9.12882,2.03384
0.950619,9.12882,2.08727
0.941442,9.33864,1.7667
0.941442,9.33864,1.90027
0.941442,9.33864,1.92699
0.999404,3.65044,1.22351
0.999404,3.65044,1.35708
0.999404,3.65044,1.37489
1.04852,5.54342,1.22351
1.04852,5.54342,1.35708
1.04852,5.54342,1.3838
1.0501,5.54771,1.62422
1.0501,5.54771,1.71327
1.0376,6.49367,1.62422
1.0376,6.49367,1.7667
1.0376,6.49367,1.77561
1.04723,6.55719,1.35708
1.04723,6.55719,1.49065
1.04723,6.55719,1.50846
1.05033,7.44597,1.49065
1.05033,7.44597,1.62422
1.05033,7.44597,1.64203
1.05995,7.50949,1.22351
1.05995,7.50949,1.35708
1.06048,7.51611,1.49065
1.06048,7.51611,1.60642
1.05995,7.50949,1.64203
1.04424,8.39133,1.49065
1.04424,8.39133,1.55299
0.995026,8.40314,1.7667
0.995026,8.40314,1.88246
1.00342,9.22807,1.90027
1.00342,9.22807,2.01603
0.981673,9.14247,2.05165
1.13883,4.59256,1.08104
1.13883,4.59256,1.22351
1.13883,4.59256,1.35708
1.13883,4.59256,1.49065
1.13883,4.59256,1.50846
1.15873,5.57794,1.22351
1.15873,5.57794,1.35708
1.15873,5.57794,1.37489
1.15182,5.54816,1.60642
1.15155,5.54485,1.64203
1.19634,6.48426,1.35708
1.19634,6.48426,1.49065
1.19634,6.48426,1.49956
1.18001,7.34395,0.947464
1.18001,7.34395,1.08104
1.18001,7.34395,1.11665
1.20058,7.43663,1.49065
1.20943,7.47521,1.62422
1.20943,7.47521,1.71327
1.18975,8.38808,1.35708
1.18975,8.38808,1.49065
1.19694,8.42117,1.62422
1.19694,8.42117,1.7667
1.19694,8.42117,1.77561
1.19938,8.45161,1.35708
1.19938,8.45161,1.49065
1.19938,8.45161,1.50846
1.20966,9.37347,1.49065
1.20966,9.37347,1.62422
1.20966,9.37347,1.64203
1.14995,9.27029,1.85575
1.2129,9.41384,1.49065
1.2129,9.41384,1.60642
1.2121,9.40391,1.64203
1.24603,3.53942,0.947464
1.24603,3.53942,1.08104
1.24603,3.53942,1.08994
1.28165,5.44343,0.947464
1.28165,5.44343,1.08104
1.28165,5.44343,1.11665
1.29098,6.48697,1.08104
1.29098,6.48697,1.22351
1.29816,6.52006,1.35708
1.29816,6.52006,1.49065
1.29816,6.52006,1.50846
1.31088,7.47235,1.22351
1.31088,7.47235,1.35708
1.31115,7.47566,1.49065
1.31115,7.47566,1.60642
1.31088,7.47235,1.63313
1.34927,8.26388,1.7667
1.34927,8.26388,1.90027
1.34927,8.26388,1.91808
1.33781,8.31239,1.08104
1.33781,8.31239,1.22351
1.34839,8.37747,1.35708
1.34839,8.37747,1.49065
1.34839,8.37747,1.49956
1.33949,8.33696,1.7667
1.33949,8.33696,1.84684
1.22664,9.20834,1.62422
1.22664,9.20834,1.7667
1.34715,9.17851,1.90027
1.34715,9.17851,1.98041
1.35263,9.32985,1.49065
1.35263,9.32985,1.62422
1.35263,9.32985,1.65094
1.3028,9.26966,1.90027
1.3028,9.26966,1.90918
1.38258,4.52233,1.08104
1.38258,4.52233,1.22351
1.38258,4.52233,1.24132
1.40249,5.50771,1.22351
1.40249,5.50771,1.35708
1.40249,5.50771,1.37489
1.43945,6.41187,1.08104
1.43945,6.41187,1.22351
1.43945,6.41187,1.23242
1.45183,7.40173,1.22351
1.45183,7.40173,1.35708
1.45183,7.40173,1.3838
1.44313,8.38139,1.08104
1.44313,8.38139,1.22351
1.48377,8.40891,1.35708
1.48377,8.40891,1.47284
1.45031,8.41447,1.50846
1.49494,9.24469,1.62422
1.49494,9.24469,1.74889
1.44638,9.21578,1.90027
1.44638,9.21578,1.90918
1.46303,9.36677,1.22351
1.46303,9.36677,1.35708
1.49649,9.36121,1.49065
1.49649,9.36121,1.62422
1.49649,9.36121,1.64203
1.62921,4.41131,1.08104
1.62921,4.41131,1.22351
1.62921,4.41131,1.24132
1.61348,5.4463,1.35708
1.61348,5.4463,1.41051
1.62564,6.33152,1.22351
1.62564,6.33152,1.28584
1.54191,6.44983,1.08104
1.54191,6.44983,1.22351
1.54191,6.44983,1.35708
1.54191,6.44983,1.45503
1.54191,6.44983,1.50846
1.59658,7.34417,1.62422
1.59658,7.34417,1.74889
1.56182,7.43522,1.22351
1.56182,7.43522,1.35708
1.62238,7.39881,1.49065
1.62238,7.39881,1.5708
1.52071,7.40198,1.67765
1.58634,8.2053,1.08104
1.58634,8.2053,1.21461
1.52401,8.23204,1.28584
1.58386,8.29647,1.49065
1.58386,8.29647,1.62422
1.58386,8.29647,1.66875
1.58324,8.26674,1.84684
1.59964,8.34257,1.35708
1.59964,8.34257,1.3927
1.59964,8.34257,1.49956
1.54191,8.34778,1.73999
1.59308,9.06425,1.90027
1.59308,9.06425,1.98041
1.59331,9.22986,1.22351
1.59331,9.22986,1.35708
1.59331,9.22986,1.3838
1.54655,9.19944,1.7667
1.54655,9.19944,1.90027
1.54655,9.19944,1.90918
1.60388,9.29495,1.22351
1.60388,9.29495,1.35708
1.60388,9.29495,1.3838
1.60548,9.29668,1.61532
1.60548,9.29668,1.73108
1.64911,5.3967,0.947464
1.64911,5.3967,1.08104
1.64624,5.43749,1.22351
1.64624,5.43749,1.35708
1.64624,5.43749,1.37489
1.68798,6.30478,1.08104
1.68798,6.30478,1.21461
1.75203,6.38398,1.49065
1.75203,6.38398,1.54408
1.6855,6.39595,1.49065
1.6855,6.39595,1.5797
1.69494,7.32934,1.22351
1.69494,7.32934,1.35708
1.76597,7.34493,1.49065
1.76597,7.34493,1.5708
1.76447,7.33176,1.67765
1.6855,8.2939,1.62422
1.6855,8.2939,1.73999
1.68488,8.28066,1.77561
1.69406,8.34425,1.08104
1.69406,8.34425,1.22351
1.70124,8.37734,1.35708
1.70124,8.37734,1.44613
1.70124,8.37734,1.50846
1.69151,9.09159,1.7667
1.69151,9.09159,1.90027
1.69151,9.09159,1.90918
1.7484,9.23453,1.35708
1.7484,9.23453,1.48175
1.76447,9.22971,1.62422
1.76447,9.22971,1.67765
1.70678,9.29655,1.22351
1.71467,9.33288,1.35708
1.71467,9.33288,1.41051
1.68004,9.32948,1.62422
1.68004,9.32948,1.67765
1.74257,10.1942,1.7667
1.74257,10.1942,1.84684
1.84578,4.27923,0.813893
1.84578,4.27923,0.947464
1.84578,4.27923,0.974179
1.89287,5.32647,0.947464
1.89287,5.32647,1.08104
1.89287,5.32647,1.22351
1.89287,5.32647,1.35708
1.89287,5.32647,1.37489
1.90095,6.16697,0.813893
1.90095,6.16697,0.947464
1.78567,6.37961,1.08104
1.78567,6.37961,1.22351
1.78637,6.38286,1.35708
1.78637,6.38286,1.47284
1.78567,6.37961,1.50846
1.80126,7.29111,0.947464
1.80126,7.29111,1.08104
1.80126,7.29111,1.08994
1.81519,7.26485,1.34818
1.86614,7.32859,1.49065
1.86614,7.32859,1.5708
1.79909,7.33515,1.64203
1.80557,7.36499,1.22351
1.80557,7.36499,1.35708
1.80557,7.36499,1.37489
1.79931,8.06749,0.813893
1.79931,8.06749,0.947464
1.8972,8.16173,1.7667
1.8972,8.16173,1.81122
1.84276,8.27018,1.08104
1.84276,8.27018,1.22351
1.84276,8.27018,1.35708
1.83798,8.29458,1.49065
1.83798,8.29458,1.5797
1.78567,8.27756,1.73999
1.84092,9.12104,0.947464
1.84092,9.12104,1.08104
1.84184,9.12277,1.22351
1.84184,9.12277,1.35708
1.84184,9.12277,1.3838
1.84924,9.22646,1.62422
1.84924,9.22646,1.74889
1.85513,9.26005,1.22351
1.85513,9.26005,1.35708
1.85513,9.26005,1.3838
1.7986,9.32473,1.55299
1.83703,10.1751,1.62422
1.88561,10.12,1.7667
1.88561,10.12,1.88246
1.8435,10.2049,1.62422
1.8435,10.2049,1.7667
1.8435,10.2049,1.77561
2.02942,6.30939,1.08104
2.02942,6.30939,1.22351
2.02942,6.30939,1.24132
2.03229,6.26859,1.49065
2.03229,6.26859,1.50846
1.94255,7.22052,0.947464
1.94255,7.22052,1.08104
1.94348,7.22226,1.22351
2.01727,7.30682,1.35708
2.01727,7.30682,1.41051
2.01109,7.22074,1.62422
2.01109,7.22074,1.67765
1.93852,8.27727,1.35708
1.93852,8.27727,1.49065
1.93852,8.27727,1.50846
1.93062,8.16971,1.73999
1.9308,8.16639,1.77561
1.945,8.30711,1.08104
1.945,8.30711,1.22351
1.945,8.30711,1.35708
1.945,8.30711,1.49065
1.945,8.30711,1.50846
1.95341,9.18553,0.947464
1.95341,9.18553,1.08104
1.95341,9.18553,1.08994
2.01862,9.22721,1.49065
2.01862,9.22721,1.5708
1.95124,9.22957,1.64203
1.9649,9.2925,1.22351
1.9649,9.2925,1.35708
1.9649,9.2925,1.37489
1.95772,9.25941,1.62422
1.95772,9.25941,1.64203
1.98202,10.0501,1.7667
1.98202,10.0501,1.84684
1.93815,10.1762,1.62422
1.93815,10.1762,1.73999
2.1395,5.21545,0.947464
2.1395,5.21545,1.08104
2.1395,5.21545,1.08994
2.1766,7.12227,0.947464
2.1766,7.12227,1.08104
2.1766,7.12227,1.11665
2.0522,7.25397,0.947464
2.0522,7.25397,1.08104
2.09781,7.27938,1.22351
2.09781,7.27938,1.32146
2.04932,7.29477,1.37489
2.04502,7.22089,1.62422
2.04502,7.22089,1.64203
2.16886,8.16969,1.08104
2.16886,8.16969,1.22351
2.16886,8.16969,1.25913
2.15511,8.24126,1.49065
2.15511,8.24126,1.54408
2.07497,9.02278,0.947464
2.07497,9.02278,1.08104
2.07497,9.02278,1.11665
2.16324,9.11515,1.62422
2.16324,9.11515,1.67765
2.09825,9.18765,1.21461
2.09825,9.18765,1.33927
2.09825,9.18765,1.3838
2.10001,9.19204,1.62422
2.10001,9.19204,1.71327
2.08295,10.0608,1.62422
2.13224,10.009,1.7667
2.13224,10.009,1.88246
2.09714,10.2015,1.35708
2.09714,10.2015,1.49065
2.1524,10.1186,1.62422
2.1524,10.1186,1.7578
2.08521,10.1093,1.82903
2.10433,10.2346,1.35708
2.10433,10.2346,1.49065
2.10433,10.2346,1.50846
2.31239,5.10948,1.08104
2.31239,5.10948,1.14337
2.24886,6.13651,0.813893
2.24886,6.13651,0.947464
2.27605,6.19837,1.08104
2.27605,6.19837,1.22351
2.27605,6.19837,1.24132
2.29595,7.18375,0.93856
2.29595,7.18375,1.08104
2.29595,7.18375,1.1968
2.29595,7.18375,1.34818
2.29595,7.18375,1.37489
2.29307,7.22455,1.22351
2.29307,7.22455,1.35708
2.29307,7.22455,1.37489
2.18444,8.16301,1.08104
2.18444,8.16301,1.22351
2.18444,8.16301,1.24132
2.18444,8.16301,1.49065
2.18444,8.16301,1.50846
2.18875,8.23689,1.08104
2.18875,8.23689,1.22351
2.254,8.21887,1.35708
2.254,8.21887,1.49065
2.28793,8.88497,0.947464
2.28793,8.88497,1.08104
2.28793,8.88497,1.11665
2.19717,9.1153,1.49065
2.19717,9.1153,1.62422
2.19717,9.1153,1.64203
2.20435,9.14839,0.947464
2.20435,9.14839,1.08104
2.20865,9.22227,1.22351
2.21897,9.12538,1.35708
2.24976,9.17124,1.49065
2.24976,9.17124,1.62422
2.24976,9.17124,1.65984
2.30002,10.0323,1.62422
2.30002,10.0323,1.70437
2.29811,10.063,1.81122
2.27947,10.1226,1.35708
2.27947,10.1226,1.46394
2.19561,10.135,1.50846
2.35606,5.08337,0.93856
2.35606,5.08337,1.08104
2.35606,5.08337,1.08994
2.38957,6.98445,0.947464
2.38957,6.98445,1.08104
2.38957,6.98445,1.11665
2.40101,8.03093,0.813893
2.40101,8.03093,0.947464
2.43538,8.12587,1.08104
2.43538,8.12587,1.2057
2.43538,8.12587,1.24132
2.40174,8.13024,1.49065
2.40174,8.13024,1.54408
2.43389,8.1705,1.22351
2.43389,8.1705,1.29475
2.4332,8.16991,1.47284
2.4325,8.16667,1.50846
2.34586,9.07883,0.947464
2.34586,9.07883,1.07213
2.44877,9.08001,1.22351
2.44877,9.08001,1.35708
2.44836,9.08148,1.49065
2.44836,9.08148,1.60642
2.34664,9.08102,1.71327
2.44592,9.12221,1.49065
2.44592,9.12221,1.62422
2.44592,9.12221,1.64203
2.33299,9.73613,1.90027
2.33299,9.73613,1.98932
2.41896,9.91087,1.21461
2.41896,9.91087,1.27694
2.33659,10.0574,1.08104
2.33659,10.0574,1.22351
2.33659,10.0574,1.24132
2.33659,10.0574,1.49065
2.33659,10.0574,1.50846
2.33415,10.027,1.7667
2.33415,10.027,1.77561
2.34808,10.1644,1.08104
2.34808,10.1644,1.22351
2.40594,10.1107,1.33927
2.40594,10.1107,1.36599
2.55024,4.92015,0.671417
2.55024,4.92015,0.813893
2.55024,4.92015,0.822798
2.49261,6.06629,0.813893
2.49261,6.06629,0.947464
2.52268,6.08735,1.08104
2.52268,6.08735,1.22351
2.52268,6.08735,1.24132
2.5397,7.11353,0.93856
2.5397,7.11353,1.06323
2.5397,7.11353,1.08994
2.5397,7.11353,1.35708
2.5397,7.11353,1.37489
2.54887,7.95497,0.813893
2.54887,7.95497,0.947464
2.58294,7.98362,1.08104
2.58294,7.98362,1.21461
2.5206,8.01035,1.28584
2.45213,8.12324,1.35708
2.57896,8.07199,1.46394
2.57896,8.07199,1.50846
2.48639,8.72699,0.671417
2.48639,8.72699,0.813893
2.48639,8.72699,0.849512
2.45528,9.11125,0.947464
2.45528,9.11125,1.08104
2.45528,9.11125,1.08994
2.50131,9.13858,1.22351
2.50131,9.13858,1.35708
2.50131,9.13858,1.3927
2.54772,9.78419,1.7667
2.54772,9.78419,1.80232
2.55316,9.92534,0.813893
2.55316,9.92534,0.947464
2.55316,9.92534,0.974179
2.4813,9.88413,1.21461
2.50458,10.049,1.08104
2.50458,10.049,1.2057
2.57139,10.0245,1.35708
2.57139,10.0245,1.49065
2.57834,9.9567,1.62422
2.57834,9.9567,1.7667
2.57834,9.9567,1.77561
2.63254,6.00644,1.22351
2.63254,6.00644,1.31256
2.58803,6.82647,0.671417
2.58803,6.82647,0.813893
2.58803,6.82647,0.849512
2.65194,7.99379,0.813893
2.65194,7.99379,0.911845
2.65194,7.99379,0.974179
2.67625,8.09644,1.08104
2.67625,8.09644,1.22351
2.67625,8.09644,1.24132
2.67983,8.05889,1.47284
2.67913,8.05565,1.50846
2.69554,8.84335,1.61532
2.69554,8.84335,1.70437
2.64514,8.83635,1.82013
2.69473,8.96715,0.947464
2.69473,8.96715,1.08104
2.69473,8.96715,1.08994
2.71014,8.94368,1.35708
2.71014,8.94368,1.45503
2.69903,9.04103,0.947464
2.69903,9.04103,1.08104
2.69615,9.08183,1.22351
2.70999,9.01531,1.35708
2.70999,9.01531,1.49065
2.70999,9.01531,1.51737
2.69255,9.01119,1.64203
2.69426,9.74632,0.813893
2.69426,9.74632,0.947464
2.69426,9.74632,1.08104
2.69426,9.74632,1.21461
2.63192,9.77306,1.28584
2.71674,9.7955,1.49065
2.71674,9.7955,1.62422
2.71674,9.7955,1.63313
2.58753,10.0203,1.08104
2.58753,10.0203,1.22351
2.58823,10.0235,1.35708
2.58823,10.0235,1.47284
2.68032,9.96723,1.62422
2.68032,9.96723,1.68656
2.59183,10.0942,1.08104
2.59183,10.0942,1.21461
2.6575,10.0781,1.35708
2.6575,10.0781,1.49065
2.59023,10.0868,1.56189
2.65519,10.6018,1.90027
2.65519,10.6018,1.99822
2.73924,5.95527,0.813893
2.73924,5.95527,0.947464
2.74159,5.95967,1.08104
2.74159,5.95967,1.18789
2.73924,5.95527,1.24132
2.78633,7.00251,0.947464
2.78633,7.00251,1.08104
2.787,7.00435,1.22351
2.787,7.00435,1.35708
2.78633,7.00251,1.37489
2.7959,7.8458,0.804989
2.7959,7.8458,0.929655
2.7959,7.8458,1.06323
2.7959,7.8458,1.21461
2.73356,7.87254,1.28584
2.80133,7.89687,1.49065
2.80133,7.89687,1.62422
2.80133,7.89687,1.65094
2.72514,8.03394,1.06323
2.72514,8.03394,1.18789
2.83843,8.90109,1.22351
2.83843,8.90109,1.35708
2.83843,8.90109,1.3838
2.74603,9.07027,1.22351
2.74603,9.07027,1.31256
2.83919,9.69564,1.7667
2.83919,9.69564,1.88246
2.80409,9.88821,0.813893
2.80409,9.88821,0.947464
2.80409,9.88821,0.974179
2.73982,9.8956,1.49065
2.82426,9.84243,1.62422
2.82426,9.84243,1.7667
2.82426,9.84243,1.77561
2.83846,9.98315,1.08104
2.83846,9.98315,1.22351
2.83846,9.98315,1.24132
2.83198,9.95331,1.49065
2.83198,9.95331,1.50846
2.73119,9.96746,1.63313
2.84759,10.7366,1.62422
2.84759,10.7366,1.7667
2.83742,10.6331,1.90027
2.83742,10.6331,1.90918
2.96889,5.8124,0.813893
2.96889,5.8124,0.947464
2.96889,5.8124,0.956369
2.95332,6.77743,0.671417
2.95332,6.77743,0.787179
2.95332,6.77743,0.822798
2.96066,6.90051,1.22351
2.97014,6.87924,1.35708
2.97014,6.87924,1.41051
2.90878,7.91277,0.813893
2.90878,7.91277,0.929655
2.95369,7.97122,1.08104
2.95369,7.97122,1.2057
2.92288,7.98542,1.24132
2.92576,7.94463,1.49065
2.92576,7.94463,1.50846
2.91129,8.83507,0.947464
2.91129,8.83507,1.08104
2.91129,8.83507,1.08994
2.94914,8.83771,1.35708
2.94914,8.83771,1.49065
2.94914,8.83771,1.49956
2.94566,8.93001,0.947464
2.94566,8.93001,1.08104
2.94278,8.97081,1.22351
2.94278,8.97081,1.33927
2.94278,8.97081,1.37489
2.9393,8.90072,1.62422
2.93848,8.89692,1.64203
2.9399,9.0116,1.22351
2.9399,9.0116,1.35708
2.9399,9.0116,1.37489
2.90722,9.6085,0.813893
2.90722,9.6085,0.947464
2.95338,9.79008,1.49065
2.95338,9.79008,1.62422
2.97534,9.70487,1.7667
2.97534,9.70487,1.82903
2.95217,9.81328,0.813893
2.95217,9.81328,0.947464
2.95217,9.81328,0.965274
2.98178,9.92809,1.22351
2.98624,9.84193,1.35708
2.98624,9.84193,1.49065
2.98624,9.84193,1.49956
2.89996,10.0035,1.08104
2.89996,10.0035,1.22351
2.91893,10.0068,1.35708
2.91893,10.0068,1.41942
2.99048,10.7943,1.48175
2.99048,10.7943,1.53518
2.99048,10.7943,1.65094
2.9906,10.9089,1.62422
2.9906,10.9089,1.71327
3.03296,6.89149,0.93856
3.03296,6.89149,1.06323
3.03296,6.89149,1.08994
3.0215,6.86999,1.35708
3.0029,6.87043,1.37489
3.00886,7.70799,0.804989
3.00886,7.70799,0.929655
3.06888,7.85727,1.21461
3.06888,7.85727,1.25023
3.10869,7.81692,1.49065
3.10869,7.81692,1.54408
3.10547,8.67184,0.671417
3.10547,8.67184,0.813893
3.10547,8.67184,0.822798
3.07156,8.8011,0.947464
3.11856,8.82404,1.07213
3.11856,8.82404,1.09885
3.05139,8.76327,1.35708
3.05139,8.76327,1.3838
3.05359,8.7677,1.62422
3.05359,8.7677,1.71327
3.00505,8.94426,1.22351
3.00505,8.94426,1.35708
3.10569,9.45052,0.813893
3.10569,9.45052,0.947464
3.05262,9.49277,1.0187
3.07654,9.71119,1.62422
3.07654,9.71119,1.7578
3.07654,9.71119,1.77561
3.05503,9.85107,0.813893
3.05503,9.85107,0.947464
3.09809,9.90788,1.08104
3.09809,9.90788,1.22351
3.12768,9.88871,1.35708
3.12768,9.88871,1.49065
3.12768,9.88871,1.52627
3.07933,9.95372,1.08104
3.08211,9.96139,1.22351
3.08211,9.96139,1.29475
3.07933,9.95372,1.49065
3.07933,9.95372,1.50846
3.10119,10.7309,1.35708
3.10119,10.7309,1.49065
3.10119,10.7309,1.49956
3.08926,10.6635,1.64203
3.08953,10.8403,1.62422
3.08953,10.8403,1.69546
3.10211,10.8983,1.22351
3.10211,10.8983,1.35708
3.10211,10.8983,1.37489
3.09205,10.906,1.62422
3.09205,10.906,1.64203
3.14999,5.65997,0.813893
3.14999,5.65997,0.947464
3.14999,5.65997,0.974179
3.19707,6.7072,0.671417
3.19707,6.7072,0.813893
3.24953,6.75941,0.93856
3.24953,6.75941,1.08104
3.24953,6.75941,1.08994
3.20733,7.55001,0.813893
3.20733,7.55001,0.947464
3.15426,7.59225,0.991988
3.15253,7.84255,0.813893
3.15253,7.84255,0.947464
3.16951,7.8744,1.08104
3.16951,7.8744,1.22351
3.16951,7.8744,1.24132
3.14413,7.81444,1.48175
3.14413,7.81444,1.50846
3.24759,8.60213,0.662513
3.24759,8.60213,0.813893
3.24759,8.60213,0.831703
3.21817,8.75957,0.947464
3.21817,8.75957,1.0187
3.19075,8.76568,1.49065
3.19075,8.76568,1.60642
3.13988,8.76681,1.65984
3.22102,8.84704,0.947464
3.22102,8.84704,1.08104
3.21734,8.88638,1.22351
3.21734,8.88638,1.35708
3.21734,8.88638,1.37489
3.22936,9.76954,1.08104
3.22936,9.76954,1.22351
3.22936,9.76954,1.23242
3.20463,9.75518,1.3838
3.19921,9.70411,1.49956
3.20345,10.6565,1.49065
3.24145,10.663,1.62422
3.24145,10.663,1.71327
3.24174,10.7594,1.22351
3.24174,10.7594,1.35708
3.24174,10.7594,1.37489
3.15736,10.8406,1.61532
3.14727,10.9232,1.22351
3.26333,10.8964,1.35708
3.26333,10.8964,1.46394
3.33377,5.46154,0.537846
3.33377,5.46154,0.671417
3.33377,5.46154,0.689227
3.38575,7.34674,0.537846
3.38575,7.34674,0.662513
3.38608,7.74233,0.804989
3.38608,7.74233,0.947464
3.38909,7.74857,1.08104
3.38909,7.74857,1.22351
3.38909,7.74857,1.25913
3.40055,7.77007,1.08104
3.40055,7.77007,1.22351
3.40055,7.77007,1.25913
3.3564,8.63471,0.662513
3.3564,8.63471,0.813893
3.3564,8.63471,0.822798
3.31332,8.64537,1.08104
3.397,8.75134,1.22351
3.4004,8.79837,1.33927
3.4004,8.79837,1.41051
3.28411,9.24726,0.537846
3.28411,9.24726,0.662513
3.29878,9.78085,0.813893
3.29878,9.78085,0.947464
3.29878,9.78085,0.974179
3.29448,9.70697,1.22351
3.29607,9.7063,1.35708
3.29654,9.71217,1.47284
3.29654,9.71217,1.54408
3.37264,9.82284,1.08104
3.37264,9.82284,1.22351
3.37264,9.82284,1.25913
3.35677,9.8285,1.49065
3.35677,9.8285,1.50846
3.39585,10.426,0.947464
3.39585,10.426,1.08104
3.39585,10.426,1.11665
3.35244,10.696,1.35708
3.37701,10.6611,1.49065
3.3835,10.6962,1.62422
3.3835,10.6962,1.74889
3.39584,10.8166,0.947464
3.39584,10.8166,1.08104
3.39584,10.8166,1.10775
3.39425,10.8612,1.32146
3.36949,10.7808,1.49065
3.36949,10.7808,1.62422
3.36949,10.7808,1.64203
3.4437,6.59619,0.653608
3.4437,6.59619,0.813893
3.46477,6.6255,0.947464
3.46477,6.6255,1.02761
3.46477,6.6255,1.10775
3.44695,7.74919,1.08104
3.52835,7.68687,1.16118
3.52835,7.68687,1.31256
3.49462,8.49296,0.671417
3.49462,8.49296,0.813893
3.52629,8.50755,0.947464
3.52629,8.50755,1.08104
3.43501,8.79303,0.947464
3.45981,8.72572,1.08104
3.45981,8.72572,1.22351
3.45981,8.72572,1.23242
3.43316,8.78956,1.37489
3.51104,9.57489,0.813893
3.51104,9.57489,0.93856
3.51104,9.57489,0.965274
3.44232,9.63172,1.22351
3.44232,9.63172,1.23242
3.5172,9.68897,1.08104
3.5172,9.68897,1.08994
3.47242,9.74803,1.48175
3.47242,9.74803,1.5797
3.48181,10.343,1.08104
3.48181,10.343,1.18789
3.45527,10.6219,0.947464
3.45527,10.6219,1.08104
3.48485,10.687,1.22351
3.48485,10.687,1.35708
3.48485,10.687,1.3838
3.51897,10.6893,1.62422
3.51897,10.6893,1.69546
3.40759,10.799,1.22351
3.40759,10.799,1.29475
3.66182,6.46575,0.671417
3.66182,6.46575,0.813893
3.66182,6.46575,0.840608
3.66124,6.46546,1.07213
3.66027,6.46411,1.08994
3.59172,7.48416,0.804989
3.59172,7.48416,0.92075
3.5398,7.52781,0.991988
3.64579,7.62051,0.813893
3.64579,7.62051,0.947464
3.64579,7.62051,0.956369
3.63739,7.6401,1.18789
3.63271,7.63131,1.24132
3.62824,8.41831,1.08104
3.62824,8.41831,1.13446
3.60171,8.56613,0.671417
3.60171,8.56613,0.813893
3.60171,8.56613,0.840608
3.64841,8.65565,0.947464
3.64841,8.65565,1.08104
3.669,8.65889,1.22351
3.669,8.65889,1.33927
3.61496,8.698,1.42832
3.64736,9.60976,1.08104
3.64736,9.60976,1.18789
3.67005,9.64879,1.49065
3.67005,9.64879,1.59751
3.54541,9.66983,0.813893
3.54541,9.66983,0.947464
3.61967,9.71197,1.08104
3.61967,9.71197,1.22351
3.60654,9.72818,1.35708
3.60654,9.72818,1.43723
3.57259,9.73168,1.50846
3.59431,10.268,0.671417
3.59431,10.268,0.813893
3.59819,10.2734,0.947464
3.59819,10.2734,1.04542
3.59431,10.268,1.11665
3.65089,10.4604,0.671417
3.65089,10.4604,0.813893
3.65089,10.4604,0.831703
3.59134,10.5238,1.62422
3.59134,10.5238,1.7667
3.54095,10.5168,1.82013
3.59397,10.721,0.947464
3.59556,10.6236,1.08104
3.65255,10.7332,1.22351
3.65255,10.7332,1.35708
3.65316,10.6794,1.49065
3.65316,10.6794,1.60642
3.58531,10.684,1.64203
3.58961,10.7579,0.947464
3.58961,10.7579,1.08104
3.58961,10.7579,1.08994
3.58705,10.7508,1.35708
3.58705,10.7508,1.42832
3.73685,7.31882,0.537846
3.73685,7.31882,0.671417
3.73685,7.31882,0.689227
3.79682,7.44702,0.813893
3.79682,7.44702,0.947464
3.79682,7.44702,0.974179
3.78629,7.52531,1.22351
3.78629,7.52531,1.27694
3.70758,8.35515,0.671417
3.70758,8.35515,0.813893
3.70758,8.35515,0.831703
3.69595,8.36749,1.08104
3.69595,8.36749,1.11665
3.67979,8.67854,0.947464
3.67979,8.67854,1.08104
3.68046,8.68039,1.22351
3.69289,8.62493,1.35708
3.69289,8.62493,1.48175
3.70522,9.41166,0.813893
3.70522,9.41166,0.947464
3.70522,9.41166,0.974179
3.68872,9.52064,1.22351
3.68872,9.52064,1.25023
3.69085,9.52464,0.813893
3.76374,9.5402,0.947464
3.76374,9.5402,1.04542
3.71715,9.6483,1.22351
3.8045,9.63133,1.35708
3.8045,9.63133,1.45503
3.69713,9.5773,1.62422
3.69713,9.5773,1.65094
3.80209,9.67183,1.08104
3.80209,9.67183,1.22351
3.80209,9.67183,1.25913
3.79277,10.11,0.671417
3.79277,10.11,0.813893
3.79277,10.11,0.849512
3.75948,10.492,0.671417
3.75948,10.492,0.813893
3.80476,10.5111,0.947464
3.80476,10.5111,1.08104
3.80476,10.5111,1.08994
3.69782,10.5492,1.35708
3.76741,10.5962,1.49065
3.76741,10.5962,1.55299
3.80438,10.6598,1.35708
3.80438,10.6598,1.44613
3.70314,11.5266,1.61532
3.70314,11.5266,1.7667
3.70314,11.5266,1.79341
3.85444,6.30088,0.671417
3.85444,6.30088,0.813893
3.85444,6.30088,0.822798
3.86235,7.48843,0.804989
3.86235,7.48843,0.929655
3.8642,7.49189,1.08104
3.8642,7.49189,1.2057
3.81666,7.51048,1.27694
3.89441,8.20951,0.671417
3.89441,8.20951,0.813893
3.89441,8.20951,0.849512
3.84546,8.49591,0.671417
3.84546,8.49591,0.813893
3.92827,8.57099,0.947464
3.92827,8.57099,1.04542
3.92827,8.57099,1.12556
3.9173,8.55042,1.35708
3.89636,8.54647,1.37489
3.889,9.21323,0.537846
3.889,9.21323,0.671417
3.889,9.21323,0.689227
3.94288,9.38509,0.813893
3.94288,9.38509,0.947464
3.94288,9.38509,0.991988
3.90169,9.38283,1.22351
3.90169,9.38283,1.25023
3.90646,9.3905,0.813893
3.90646,9.3905,0.947464
3.90646,9.3905,0.983083
3.83385,9.57606,0.813893
3.83385,9.57606,0.947464
3.83385,9.57606,0.956369
3.93201,9.5468,1.22351
3.93201,9.5468,1.33037
3.93201,9.5468,1.40161
3.81634,9.66146,1.08104
3.81634,9.66146,1.22351
3.81634,9.66146,1.24132
3.94542,10.4404,0.947464
3.94542,10.4404,1.08104
3.94542,10.4404,1.08994
3.91138,10.4466,1.35708
3.91138,10.4466,1.41942
3.92727,10.5201,1.22351
3.92727,10.5201,1.35708
3.84494,10.5181,1.49065
3.84494,10.5181,1.49956
3.89717,10.6178,0.947464
3.89717,10.6178,1.07213
3.86698,10.6317,1.22351
3.86698,10.6317,1.35708
3.86698,10.6317,1.3927
3.84918,11.4705,1.48175
3.93201,11.4448,1.62422
3.93201,11.4448,1.73999
4.03823,6.10245,0.671417
4.03823,6.10245,0.813893
4.03823,6.10245,0.822798
4.01496,6.12713,0.813893
4.01496,6.12713,0.858417
3.98061,7.24859,0.537846
3.98061,7.24859,0.671417
4.04345,7.336,0.813893
4.04345,7.336,0.947464
4.04442,7.33735,1.08104
4.04442,7.33735,1.22351
4.04442,7.33735,1.24132
4.0776,7.35452,0.778274
4.0776,7.35452,0.92075
4.0776,7.35452,0.956369
3.95339,7.44298,1.10775
3.99155,8.36623,1.08104
3.99155,8.36623,1.16118
3.9651,8.5332,1.08104
3.9651,8.5332,1.17899
4.01451,8.44209,1.35708
4.01451,8.44209,1.44613
4.0453,9.1224,0.537846
4.0453,9.1224,0.662513
3.95615,9.37453,0.813893
3.95615,9.37453,0.947464
4.04985,9.27228,1.08104
4.04985,9.27228,1.1968
4.03994,9.25558,1.28584
4.06072,9.51102,0.813893
4.06072,9.51102,0.93856
4.04706,9.52058,1.06323
4.04706,9.52058,1.21461
4.03993,9.49487,1.35708
4.05266,9.3937,1.43723
4.05266,9.3937,1.51737
3.96291,9.53437,0.947464
4.06297,9.55044,1.08104
4.06297,9.55044,1.22351
4.06297,9.55044,1.24132
3.98283,9.89442,0.671417
3.98283,9.89442,0.813893
3.98283,9.89442,0.831703
4.00323,10.4218,0.671417
4.00323,10.4218,0.813893
4.05569,10.474,0.947464
4.05569,10.474,1.08104
4.05569,10.474,1.08994
3.96052,10.4334,1.35708
3.96052,10.4334,1.36599
4.01308,10.5021,0.947464
4.01308,10.5021,1.07213
4.07999,10.5766,1.22351
4.07999,10.5766,1.35708
4.07999,10.5766,1.37489
4.01248,10.4958,1.5708
4.01886,11.2914,1.62422
4.01886,11.2914,1.7578
4.07473,11.3789,1.35708
4.07473,11.3789,1.49065
4.07473,11.3789,1.53518
4.0499,11.4645,1.35708
4.0499,11.4645,1.49065
4.0499,11.4645,1.52627
4.02317,11.5712,1.35708
4.02317,11.5712,1.49065
3.9559,11.5799,1.56189
4.18243,5.89376,0.377561
4.18243,5.89376,0.528942
4.18243,5.89376,0.555656
4.14945,9.16206,0.537846
4.14945,9.16206,0.671417
4.10093,9.22741,0.813893
4.10093,9.22741,0.849512
4.10228,9.22884,1.08104
4.10228,9.22884,1.21461
4.21453,9.29515,0.813893
4.21453,9.29515,0.947464
4.21453,9.29515,0.956369
4.12092,9.70199,0.404275
4.12092,9.70199,0.537846
4.12092,9.70199,0.58237
4.2155,10.2158,0.671417
4.2155,10.2158,0.813893
4.2155,10.2158,0.947464
4.2155,10.2158,1.08104
4.2155,10.2158,1.08994
4.17348,10.2956,1.35708
4.17348,10.2956,1.36599
4.17007,10.4016,1.08104
4.17007,10.4016,1.17899
4.14641,10.4747,1.35708
4.14641,10.4747,1.40161
4.11622,10.344,1.58861
4.11555,10.5251,0.947464
4.11555,10.5251,1.08104
4.11555,10.5251,1.10775
4.10623,10.5116,1.23242
4.20513,11.2922,1.49065
4.20513,11.2922,1.56189
4.15305,11.2686,1.7667
4.15305,11.2686,1.77561
4.09155,11.3767,1.35708
4.09155,11.3767,1.49065
4.09155,11.3767,1.51737
4.10044,11.4356,1.22351
4.20463,11.5266,1.35708
4.20463,11.5266,1.49065
4.20463,11.5266,1.52627
4.28295,9.02736,0.537846
4.28295,9.02736,0.671417
4.31524,9.09102,0.813893
4.31524,9.09102,0.947464
4.3139,9.0896,0.965274
4.26124,9.38467,0.813893
4.26124,9.38467,0.947464
4.26124,9.38467,0.956369
4.29567,9.26875,1.15227
4.29567,9.26875,1.33037
4.22064,9.37189,1.43723
4.27954,9.41836,0.796084
4.27954,9.41836,0.93856
4.27954,9.41836,0.974179
4.26434,9.4621,1.22351
4.26434,9.4621,1.27694
4.34407,10.1581,1.22351
4.34407,10.1581,1.33037
4.32164,10.1851,1.36599
4.24986,10.3107,0.671417
4.24986,10.3107,0.813893
4.32996,10.306,0.947464
4.32996,10.306,1.0187
4.26706,10.3216,1.35708
4.26726,10.3231,1.49065
4.26726,10.3231,1.60642
4.32973,10.3892,0.947464
4.33834,10.4082,1.08104
4.33834,10.4082,1.21461
4.32796,10.4693,1.35708
4.32662,10.4656,1.37489
4.26246,10.4869,1.35708
4.26246,10.4869,1.42832
4.30451,11.2389,1.35708
4.30451,11.2389,1.49065
4.30451,11.2389,1.51737
4.33635,11.3088,1.08104
4.33635,11.3088,1.22351
4.33635,11.3088,1.23242
4.33595,11.4081,1.43723
4.2522,11.4212,1.54408
4.28035,11.4897,1.08104
4.34534,11.4335,1.22351
4.34534,11.4335,1.35708
4.34534,11.4335,1.40161
4.31755,11.4377,1.59751
4.4243,9.36757,1.08104
4.4243,9.36757,1.15227
4.40225,9.39704,1.08104
4.40225,9.39704,1.13446
4.40967,10.0526,0.671417
4.40967,10.0526,0.813893
4.40967,10.0526,0.822798
4.37794,10.1841,0.671417
4.37794,10.1841,0.813893
4.4674,10.18,0.947464
4.4674,10.18,1.07213
4.46643,10.1787,1.08994
4.35777,10.1463,1.35708
4.35777,10.1463,1.3838
4.39463,10.2235,1.06323
4.39463,10.2235,1.16118
4.44349,10.2096,1.35708
4.44349,10.2096,1.49065
4.44349,10.2096,1.49956
4.47874,10.39,1.35708
4.47874,10.39,1.42832
4.38413,10.3843,1.51737
4.41207,10.8336,0.813893
4.41207,10.8336,0.947464
4.359,10.8758,1.0187
4.45268,11.1284,1.35708
4.45513,11.0937,1.49065
4.45513,11.0937,1.55299
4.45661,11.255,1.35708
4.44773,11.162,1.49065
4.44773,11.162,1.62422
4.44773,11.162,1.65094
4.48364,11.3681,0.813893
4.48364,11.3681,0.93856
4.48364,11.3681,0.991988
4.46744,11.4101,1.2057
4.46744,11.4101,1.27694
4.46605,11.4077,1.44613
4.46605,11.4077,1.50846
4.35446,11.3362,1.68656
4.46318,11.4485,1.08104
4.46318,11.4485,1.22351
4.46318,11.4485,1.24132
4.59346,9.85415,0.653608
4.59346,9.85415,0.796084
4.59346,9.85415,0.822798
4.61659,10.0251,0.671417
4.61659,10.0251,0.813893
4.5909,10.0463,0.947464
4.5909,10.0463,1.08104
4.5909,10.0463,1.11665
4.61148,10.1732,1.08104
4.61148,10.1732,1.17899
4.52678,10.2294,0.671417
4.56922,10.2688,0.813893
4.56922,10.2688,0.947464
4.56922,10.2688,0.965274
4.61285,10.3228,1.22351
4.61285,10.3228,1.26804
4.57325,10.3546,0.947464
4.57325,10.3546,1.08104
4.57649,10.3619,1.22351
4.57649,10.3619,1.32146
4.59049,10.6303,0.537846
4.59049,10.6303,0.662513
4.58914,10.6289,0.813893
4.58914,10.6289,0.947464
4.58914,10.6289,0.965274
4.60102,11.0921,1.08104
4.60102,11.0921,1.18789
4.59868,11.0877,1.24132
4.50559,11.0872,1.49065
4.50559,11.0872,1.49956
4.60298,11.1616,0.813893
4.60298,11.1616,0.947464
4.60298,11.1616,0.974179
4.54888,11.1709,1.21461
4.54888,11.1709,1.25023
4.60933,11.3203,0.947464
4.60933,11.3203,1.07213
4.60933,11.3203,1.09885
4.59383,11.3256,1.35708
4.59383,11.3256,1.3838
4.53384,11.3408,1.59751
4.73766,9.64545,0.404275
4.73766,9.64545,0.537846
4.73766,9.64545,0.555656
4.74402,9.76956,0.671417
4.74402,9.76956,0.813893
4.74402,9.76956,0.831703
4.75182,9.92267,0.813893
4.75182,9.92267,0.902941
4.66061,10.0154,0.671417
4.66061,10.0154,0.813893
4.66061,10.0154,0.822798
4.74191,10.1766,0.813893
4.75712,10.1978,0.947464
4.75712,10.1978,1.08104
4.75712,10.1978,1.10775
4.74256,10.2065,0.947464
4.74615,10.2486,1.08104
4.74615,10.2486,1.14337
4.73644,10.2673,1.32146
4.7487,11.0148,1.08104
4.7487,11.0148,1.2057
4.7487,11.0148,1.23242
4.75916,11.1562,1.08104
4.75916,11.1562,1.18789
4.69704,11.0603,1.25023
4.69898,11.1271,1.3838
4.72838,11.2541,0.813893
4.72838,11.2541,0.947464
4.72838,11.2541,0.956369
4.65869,11.219,1.11665
4.7098,11.3375,1.08104
4.7098,11.3375,1.22351
4.73267,11.3014,1.35708
4.73267,11.3014,1.49065
4.84238,9.81541,0.671417
4.84238,9.81541,0.813893
4.84238,9.81541,0.840608
4.817,9.89825,1.08104
4.817,9.89825,1.09885
4.76228,10.099,1.08104
4.76228,10.099,1.14337
4.8692,10.2911,0.671417
4.8692,10.2911,0.75156
4.80406,10.2133,0.947464
4.86104,10.2139,1.08104
4.86104,10.2139,1.17899
4.77115,10.4288,0.537846
4.77115,10.4288,0.671417
4.77115,10.4288,0.680322
4.78677,10.9632,0.528942
4.78677,10.9632,0.671417
4.81525,10.9556,0.813893
4.81525,10.9556,0.947464
4.81525,10.9556,0.974179
4.84961,11.0506,0.813893
4.87553,11.0866,0.947464
4.86862,11.0496,1.08104
4.86862,11.0496,1.13446
4.85058,11.0519,1.24132
4.82696,11.2256,0.947464
4.82696,11.2256,1.08104
4.82696,11.2256,1.11665
4.89263,11.2068,1.35708
4.89263,11.2068,1.49065
4.88839,12.1592,1.49065
4.88839,12.1592,1.62422
4.88839,12.1592,1.65984
5.02767,9.99323,0.261799
5.02767,9.99323,0.386466
5.00637,10.0338,0.671417
5.00637,10.0338,0.787179
4.95417,10.038,0.840608
4.91863,10.2223,0.528942
4.91863,10.2223,0.662513
5.0334,10.8521,0.537846
5.0334,10.8521,0.671417
5.0334,10.8521,0.689227
5.00942,10.7924,0.947464
5.00942,10.7924,0.974179
4.99723,10.9077,0.813893
4.99723,10.9077,0.947464
4.99723,10.9077,1.08104
4.99723,10.9077,1.21461
4.93489,10.9344,1.28584
4.94256,11.1182,0.813893
4.94256,11.1182,0.947464
4.94256,11.1182,0.956369
4.89948,11.081,1.1968
4.89948,11.081,1.32146
4.97059,11.1818,1.08104
4.97059,11.1818,1.2057
4.95476,11.1874,1.23242
5.03189,12.1739,1.35708
5.03189,12.1739,1.49065
5.03189,12.1739,1.51737
5.09664,6.16067,0.270704
5.09664,6.16067,0.368656
5.14786,10.7966,1.18789
5.14786,10.7966,1.28584
5.06618,10.9185,0.813893
5.06618,10.9185,0.947464
5.06618,10.9185,0.974179
5.08243,10.996,1.22351
5.08243,10.996,1.31256
5.16943,11.0531,0.813893
5.16943,11.0531,0.947464
5.16943,11.0531,0.956369
5.15576,11.0627,1.22351
5.14905,11.1217,1.29475
5.07252,11.1585,1.22351
5.07252,11.1585,1.29475
5.11423,11.9671,1.22351
5.12444,11.8677,1.35708
5.12444,11.8677,1.45503
5.08148,11.9759,1.35708
5.08148,11.9759,1.41051
5.13994,12.1265,1.21461
5.13994,12.1265,1.35708
5.13994,12.1265,1.3838
5.19321,10.594,0.537846
5.19321,10.594,0.671417
5.21917,10.5721,0.813893
5.21917,10.5721,0.93856
5.17994,10.6045,0.991988
5.17566,10.7044,0.537846
5.17566,10.7044,0.662513
5.27634,10.7176,0.947464
5.27634,10.7176,1.07213
5.26035,10.7553,0.813893
5.26035,10.7553,0.947464
5.26035,10.7553,0.974179
5.2102,10.7699,1.21461
5.20793,10.7667,1.23242
5.26794,10.916,0.653608
5.26794,10.916,0.804989
5.26794,10.916,0.822798
5.19148,10.9492,1.08104
5.19148,10.9492,1.18789
5.173,11.0944,0.796084
5.173,11.0944,0.93856
5.17535,11.0988,1.05432
5.17535,11.0988,1.17008
5.30249,11.813,1.08104
5.30249,11.813,1.22351
5.30249,11.813,1.25913
5.25273,11.8251,1.3838
5.29022,11.9035,1.08104
5.29022,11.9035,1.1968
5.24698,11.934,1.35708
5.24698,11.934,1.48175
5.23424,12.097,1.22351
5.25374,12.0934,1.35708
5.25374,12.0934,1.46394
5.30349,12.1214,1.08104
5.30349,12.1214,1.22351
5.30349,12.1214,1.23242
5.39578,10.3673,0.537846
5.39578,10.3673,0.653608
5.39528,10.5735,0.537846
5.39528,10.5735,0.671417
5.40887,10.6121,0.796084
5.41541,10.5761,0.947464
5.41541,10.5761,1.0098
5.42331,10.6327,0.813893
5.42331,10.6327,0.947464
5.42331,10.6327,0.965274
5.31983,10.7568,0.537846
5.31983,10.7568,0.671417
5.39054,10.9637,0.813893
5.39054,10.9637,0.947464
5.39054,10.9637,0.991988
5.32024,11.0483,1.08104
5.32024,11.0483,1.15227
5.38288,11.7099,1.35708
5.38288,11.7099,1.43723
5.44176,11.8524,0.947464
5.44176,11.8524,1.0187
5.43844,11.9313,1.10775
5.41056,11.89,1.30365
5.40308,11.9824,1.22351
5.40308,11.9824,1.35708
5.40308,11.9824,1.3927
5.52119,10.1868,0.537846
5.52119,10.1868,0.671417
5.52119,10.1868,0.689227
5.53235,10.304,0.537846
5.53235,10.304,0.671417
5.53235,10.304,0.680322
5.44414,10.5568,0.537846
5.44414,10.5568,0.671417
5.45521,10.5444,0.813893
5.45521,10.5444,0.947464
5.45521,10.5444,0.956369
5.52719,10.7987,0.894036
5.52719,10.7987,1.0098
5.50761,10.9979,0.796084
5.50761,10.9979,0.92075
5.46988,11.076,0.671417
5.46988,11.076,0.813893
5.46988,11.076,0.831703
5.55407,11.6915,0.671417
5.55407,11.6915,0.813893
5.5197,11.5965,0.947464
5.5197,11.5965,1.08104
5.5197,11.5965,1.08994
5.51545,11.6752,1.25913
5.46569,11.6873,1.3838
5.57646,11.7226,0.947464
5.57646,11.7226,1.08104
5.57646,11.7226,1.08994
5.50743,11.8539,1.08104
5.50743,11.8539,1.17899
5.47139,11.8595,1.35708
5.46504,11.9915,0.947464
5.46504,11.9915,1.08104
5.5088,12.0035,1.22351
5.5088,12.0035,1.26804
5.63544,10.3428,0.537846
5.63544,10.3428,0.671417
5.61593,10.8686,0.404275
5.61593,10.8686,0.537846
5.61735,10.8694,0.671417
5.6192,10.7628,0.813893
5.6192,10.7628,0.947464
5.6192,10.7628,0.956369
5.61222,10.8869,0.671417
5.61222,10.8869,0.760465
5.71388,11.4333,0.671417
5.71388,11.4333,0.804989
5.71388,11.4333,0.822798
5.63169,11.443,1.08104
5.63169,11.443,1.16118
5.68432,11.5672,0.671417
5.68432,11.5672,0.813893
5.71103,11.5754,0.93856
5.71103,11.5754,1.08104
5.71103,11.5754,1.09885
5.65952,11.5895,1.24132
5.63549,11.7715,0.671417
5.67863,11.8119,0.813893
5.67863,11.8119,0.947464
5.67863,11.8119,0.965274
5.65809,11.7794,1.14337
5.69752,11.8893,0.947464
5.69752,11.8893,1.07213
5.68563,11.9029,1.08994
5.63239,11.948,1.32146
5.77013,10.6027,0.671417
5.77013,10.6027,0.724846
5.7634,10.662,0.404275
5.7634,10.662,0.537846
5.7634,10.662,0.564561
5.71505,11.3852,0.947464
5.71505,11.3852,1.08104
5.71505,11.3852,1.10775
5.77064,11.5594,0.671417
5.77064,11.5594,0.813893
5.77064,11.5594,0.947464
5.77064,11.5594,1.08104
5.77064,11.5594,1.08994
5.72696,11.5855,1.08104
5.72696,11.5855,1.13446
5.84229,11.8021,1.08104
5.84229,11.8021,1.16118
5.75699,11.8946,1.08104
5.75699,11.8946,1.17899
5.95857,10.1944,0.128228
5.95857,10.1944,0.261799
5.95857,10.1944,0.297418
5.88014,10.4179,0.404275
5.88014,10.4179,0.537846
5.88014,10.4179,0.546751
5.88205,11.2844,0.404275
5.88205,11.2844,0.537846
5.89766,11.2349,0.671417
5.90036,11.2377,0.804989
5.90036,11.2377,0.858417
5.96481,11.3962,0.671417
5.96481,11.3962,0.813893
5.954,11.3616,0.947464
5.954,11.3616,1.05432
5.95109,11.3575,1.10775
5.86282,11.468,0.813893
5.92641,11.4414,0.947464
5.92641,11.4414,1.06323
5.92641,11.4414,1.09885
5.87381,11.6942,0.671417
5.88724,11.6395,0.778274
5.88724,11.6395,0.929655
5.96394,11.6451,1.08104
5.96394,11.6451,1.17899
5.89984,11.7098,0.671417
5.89984,11.7098,0.787179
5.91506,11.7586,0.947464
5.91506,11.7586,1.0098
6.10023,11.0082,0.671417
6.10023,11.0082,0.813893
6.10023,11.0082,0.822798
6.04186,11.0262,0.404275
6.04186,11.0262,0.537846
6.04186,11.0262,0.555656
6.01246,11.1591,0.404275
6.01246,11.1591,0.502227
6.10541,11.2081,0.653608
6.10541,11.2081,0.813893
6.12203,11.2799,0.831703
6.0748,11.422,0.537846
6.0748,11.422,0.644703
6.01277,11.4101,0.724846
6.01277,11.4101,0.840608
6.1063,11.5919,0.662513
6.1063,11.5919,0.804989
6.11508,11.5759,0.947464
6.11508,11.5759,1.08104
6.11508,11.5759,1.10775
6.2285,10.8295,0.537846
6.2285,10.8295,0.591275
6.22565,10.8278,0.796084
6.22565,10.8278,0.822798
6.24775,10.9981,0.404275
6.24775,10.9981,0.537846
6.24775,10.9981,0.546751
6.23107,10.9511,0.813893
6.23107,10.9511,0.831703
6.16066,11.204,0.404275
6.16066,11.204,0.537846
6.16066,11.204,0.573465
6.1486,11.1977,0.813893
6.1486,11.1977,0.822798
6.14648,11.5223,0.813893
6.14648,11.5223,0.947464
6.36985,10.6191,0.404275
6.36985,10.6191,0.537846
6.36985,10.6191,0.555656
6.29279,10.9891,0.404275
6.29279,10.9891,0.537846
6.32837,10.9961,0.671417
6.32837,10.9961,0.804989
6.32837,10.9961,0.831703
6.31213,11.4162,0.671417
6.31213,11.4162,0.813893
6.31213,11.4162,0.840608
6.35265,12.2265,1.07213
6.35265,12.2265,1.22351
6.30298,12.2425,1.27694
6.47626,10.79,0.404275
6.47626,10.79,0.537846
6.47626,10.79,0.573465
6.49696,11.2182,0.671417
6.49696,11.2182,0.787179
6.42718,11.2922,0.894036
6.45974,12.0085,0.947464
6.45974,12.0085,0.965274
6.52702,12.1223,0.947464
6.52702,12.1223,1.0098
6.51373,12.4408,1.08104
6.51373,12.4408,1.22351
6.46697,12.4609,1.27694
6.66483,10.9694,0.270704
6.66483,10.9694,0.404275
6.66483,10.9694,0.41318
6.65883,10.9662,0.671417
6.65883,10.9662,0.698132
6.55173,11.1964,0.537846
6.55173,11.1964,0.671417
6.55173,11.1964,0.680322
6.53876,11.9445,0.813893
6.53876,11.9445,0.92075
6.56392,12.0866,0.778274
6.56392,12.0866,0.822798
6.56392,12.0866,0.956369
6.56456,12.136,0.804989
6.56456,12.136,0.911845
6.56456,12.136,0.974179
6.63511,12.3398,0.947464
6.63511,12.3398,1.08104
6.63511,12.3398,1.11665
6.77596,10.7412,0.270704
6.77596,10.7412,0.404275
6.77596,10.7412,0.430989
6.76176,11.6232,0.947464
6.76176,11.6232,1.02761
6.6812,11.7763,0.537846
6.6812,11.7763,0.671417
6.69998,11.748,0.813893
6.78566,11.7292,0.947464
6.78566,11.7292,1.0187
6.74834,11.9376,0.537846
6.74834,11.9376,0.671417
6.76097,11.9268,0.813893
6.76097,11.9268,0.947464
6.76097,11.9268,0.956369
6.78493,12.0566,0.671417
6.78493,12.0566,0.813893
6.74133,12.0034,0.947464
6.7018,12.0354,0.983083
6.72791,12.3049,0.813893
6.72791,12.3049,0.947464
6.72791,12.3049,0.956369
6.91004,10.2359,-0.00534284
6.91004,10.2359,0.128228
6.86533,10.4856,0.270704
6.86533,10.4856,0.395371
6.8423,10.5494,0.466608
6.91922,11.4504,0.270704
6.91922,11.4504,0.395371
6.88377,11.5496,0.537846
6.88377,11.5496,0.671417
6.88377,11.5496,0.689227
6.85136,11.5457,0.93856
6.8254,11.5676,0.537846
6.8254,11.5676,0.671417
6.82809,11.5704,0.796084
6.82809,11.5704,0.885131
6.81213,11.5781,0.991988
6.93213,11.7391,0.537846
6.93213,11.7391,0.671417
6.93213,11.7391,0.689227
6.91484,11.7465,0.947464
6.91484,11.7465,0.991988
6.90337,11.8915,0.537846
6.90337,11.8915,0.60018
6.88983,12.1333,0.537846
6.88983,12.1333,0.671417
6.92496,12.1452,0.813893
6.92496,12.1452,0.947464
6.92496,12.1452,0.956369
6.94052,11.3415,0.270704
6.94052,11.3415,0.404275
7.03082,11.3426,0.537846
7.03082,11.3426,0.653608
6.97151,11.4252,0.760465
7.06479,11.5033,0.270704
7.06479,11.5033,0.404275
7.01939,11.4855,0.537846
7.01939,11.4855,0.671417
7.01939,11.4855,0.680322
6.95371,11.7314,0.537846
6.95371,11.7314,0.671417
6.95408,11.7141,0.796084
6.95408,11.7141,0.93856
6.95876,12.0824,0.947464
6.95876,12.0824,1.06323
7.15338,11.1605,0.537846
7.15338,11.1605,0.671417
7.15338,11.1605,0.689227
7.19145,11.3044,0.270704
7.19145,11.3044,0.404275
7.19145,11.3044,0.422085
7.13578,11.3194,0.671417
7.13578,11.3194,0.733751
7.12142,11.5235,0.537846
7.12142,11.5235,0.671417
7.07633,11.5304,0.689227
7.10518,11.9435,0.537846
7.10518,11.9435,0.671417
7.10979,11.9472,0.813893
7.10979,11.9472,0.947464
7.10979,11.9472,0.956369
7.2685,10.9344,0.270704
7.2685,10.9344,0.368656
7.2685,10.9344,0.422085
7.27855,11.0511,0.270704
7.27855,11.0511,0.404275
7.27855,11.0511,0.41318
7.26931,11.3174,0.537846
7.26931,11.3174,0.671417
7.22976,11.3725,0.742655
7.26072,11.7871,0.671417
7.26072,11.7871,0.724846
7.38039,11.0893,0.270704
7.38039,11.0893,0.404275
7.60453,11.2108,0.537846
7.60453,11.2108,0.591275
7.6036,12.1376,0.813893
7.6036,12.1376,0.929655
7.71029,10.9258,0.119324
7.71029,10.9258,0.270704
7.71029,10.9258,0.279609
7.7101,10.9254,0.537846
7.7101,10.9254,0.564561
7.65363,11.0482,0.537846
7.65363,11.0482,0.635799
7.62843,11.1659,0.404275
7.62843,11.1659,0.537846
7.62843,11.1659,0.546751
7.73527,11.9835,0.671417
7.73527,11.9835,0.76937
7.73527,11.9835,0.822798
7.71812,12.1327,0.671417
7.71812,12.1327,0.813893
7.71812,12.1327,0.831703
7.86102,10.1842,-0.138914
7.86102,10.1842,-0.00534284
7.86102,10.1842,0.0302761
7.84094,10.4371,0.128228
7.84094,10.4371,0.235085
7.84094,10.4371,0.297418
7.79249,10.7033,0.137133
7.79249,10.7033,0.297418
7.87317,11.5344,0.128228
7.87317,11.5344,0.270704
7.87317,11.5344,0.288514
7.78917,11.7738,0.404275
7.86354,11.8048,0.537846
7.87128,11.7904,0.671417
7.87128,11.7904,0.76937
7.85784,11.8014,0.822798
7.86417,11.9253,0.404275
7.86417,11.9253,0.537846
7.82654,11.8414,0.671417
7.82654,11.8414,0.813893
7.82654,11.8414,0.840608
7.87443,12.0735,0.813893
7.87443,12.0735,0.911845
7.81435,12.1768,0.671417
7.81435,12.1768,0.813893
7.81435,12.1768,0.840608
8.00204,11.5927,0.395371
8.00204,11.5927,0.520037
8.00204,11.5927,0.555656
7.99385,11.7128,0.128228
7.99385,11.7128,0.270704
7.99385,11.7128,0.306323
8.02417,11.7666,0.537846
8.02417,11.7666,0.591275
7.96224,11.9707,0.404275
7.96224,11.9707,0.537846
7.96224,11.9707,0.671417
7.96224,11.9707,0.804989
7.96224,11.9707,0.831703
7.96744,11.9749,0.671417
7.96744,11.9749,0.76937
7.98756,12.4025,0.662513
7.98756,12.4025,0.787179
7.91777,12.4765,0.894036
8.14577,11.3051,0.377561
8.14577,11.3051,0.457704
8.10123,11.3966,0.591275
8.1241,11.4973,0.128228
8.1241,11.4973,0.270704
8.12332,11.4908,0.404275
8.12332,11.4908,0.537846
8.12332,11.4908,0.564561
8.11013,11.7646,0.404275
8.11013,11.7646,0.520037
8.11013,11.7646,0.573465
8.20115,11.1273,0.128228
8.20115,11.1273,0.137133
8.20115,11.1273,0.288514
8.20944,11.2522,0.119324
8.20944,11.2522,0.261799
8.20944,11.2522,0.297418
8.22121,11.5366,0.404275
8.22121,11.5366,0.511132
8.22121,11.5366,0.555656
8.30945,11.2988,0.128228
8.30945,11.2988,0.270704
8.30945,11.2988,0.306323
8.6824,11.0426,0.270704
8.6824,11.0426,0.404275
8.6824,11.0426,0.448799
8.78971,9.97313,-0.272485
8.78971,9.97313,-0.138914
8.81249,10.2258,-0.00534284
8.81249,10.2258,0.119324
8.80712,10.2934,0.163847
8.79241,10.4786,-0.0142476
8.79241,10.4786,0.128228
8.74397,10.7449,-0.00534284
8.74397,10.7449,0.0480856
8.76195,10.6795,0.270704
8.76195,10.6795,0.341942
8.72467,10.7921,0.404275
8.72467,10.7921,0.466608
8.97435,11.7747,0.457704
8.97435,11.7747,0.60018
8.91165,12.0252,0.528942
8.91165,12.0252,0.671417
8.91165,12.0252,0.680322
9.07517,11.5473,-0.00534284
9.07517,11.5473,0.0926093
9.07517,11.5473,0.137133
9.08801,11.4744,0.404275
9.08801,11.4744,0.457704
9.03867,11.6364,0.261799
9.09317,11.6073,0.404275
9.09317,11.6073,0.466608
9.02475,11.7981,0.270704
9.02475,11.7981,0.404275
9.02475,11.7981,0.41318
9.04129,12.0208,0.537846
9.04129,12.0208,0.617989
8.99498,12.0919,0.698132
9.15222,11.1773,-0.00534284
9.15222,11.1773,0.110419
9.15222,11.1773,0.137133
9.1162,11.5434,0.270704
9.1162,11.5434,0.395371
9.21358,11.5981,0.261799
9.21358,11.5981,0.404275
9.18999,11.6617,0.466608
9.12534,11.8359,0.270704
9.12534,11.8359,0.395371
9.26126,11.3318,-0.00534284
9.26126,11.3318,0.119324
9.62901,11.0735,0.395371
9.62901,11.0735,0.502227
9.69331,9.67222,-0.414961
9.69331,9.67222,-0.272485
9.69331,9.67222,-0.236866
9.74069,9.92142,-0.138914
9.74069,9.92142,-0.00534284
9.74069,9.92142,0.0302761
9.76347,10.1741,-0.138914
9.76347,10.1741,-0.00534284
9.76347,10.1741,0.0302761
9.75703,10.2248,-0.138914
9.75703,10.2248,-0.00534284
9.75703,10.2248,0.0124666
9.74232,10.41,-0.138914
9.74232,10.41,-0.00534284
9.74682,10.4103,0.128228
9.74682,10.4103,0.270704
9.74682,10.4103,0.279609
9.73802,10.4945,0.128228
9.73802,10.4945,0.270704
9.73802,10.4945,0.297418
9.72331,10.6798,0.128228
9.72331,10.6798,0.270704
9.72331,10.6798,0.297418
9.67617,10.9464,0.270704
9.67617,10.9464,0.368656
10.1027,11.1171,-0.138914
10.1027,11.1171,-0.00534284
10.1027,11.1171,0.0213714
10.0911,11.3368,0.128228
10.0911,11.3368,0.252895
10.0813,11.3867,0.306323
10.622,9.46112,-0.272485
10.622,9.46112,-0.138914
